8.222000000000000419e-01
8.313000000000000389e-01
8.588000000000000078e-01
8.905999999999999472e-01
9.019000000000000350e-01
8.558999999999999941e-01
8.778000000000000247e-01
8.710999999999999854e-01
8.822999999999999732e-01
8.771999999999999797e-01
8.990000000000000213e-01
9.193999999999999950e-01
9.224999999999999867e-01
9.362000000000000322e-01
9.464000000000000190e-01
8.911999999999999922e-01
8.427999999999999936e-01
9.274999999999999911e-01
9.345999999999999863e-01
9.516999999999999904e-01
9.069000000000000394e-01
9.184999999999999831e-01
9.006999999999999451e-01
9.201000000000000290e-01
9.387999999999999678e-01
9.182000000000000162e-01
9.051000000000000156e-01
9.298999999999999488e-01
9.235999999999999766e-01
9.043999999999999817e-01
9.105999999999999650e-01
9.171000000000000263e-01
9.161000000000000254e-01
9.258999999999999453e-01
9.284999999999999920e-01
9.129000000000000448e-01
9.095999999999999641e-01
9.173999999999999932e-01
9.030000000000000249e-01
9.264999999999999902e-01
9.086999999999999522e-01
9.030000000000000249e-01
9.140000000000000346e-01
8.871999999999999886e-01
8.943999999999999728e-01
9.152000000000000135e-01
9.210000000000000409e-01
9.323000000000000176e-01
9.199000000000000510e-01
9.352000000000000313e-01
9.500999999999999446e-01
9.479999999999999538e-01
9.013999999999999790e-01
9.220000000000000417e-01
8.607000000000000206e-01
8.733999999999999542e-01
8.968000000000000416e-01
8.860000000000000098e-01
8.997000000000000552e-01
8.859000000000000208e-01
9.042999999999999927e-01
9.131000000000000227e-01
9.411000000000000476e-01
9.258999999999999453e-01
9.510999999999999455e-01
9.377999999999999670e-01
9.177999999999999492e-01
9.314000000000000057e-01
9.630999999999999561e-01
9.415000000000000036e-01
9.236999999999999655e-01
9.655000000000000249e-01
9.733000000000000540e-01
9.745000000000000329e-01
9.496999999999999886e-01
9.586999999999999966e-01
9.458999999999999631e-01
9.364999999999999991e-01
9.488999999999999657e-01
9.164999999999999813e-01
9.297999999999999599e-01
9.577999999999999847e-01
9.071000000000000174e-01
9.445000000000000062e-01
9.481000000000000538e-01
9.484000000000000208e-01
9.691999999999999504e-01
9.780999999999999694e-01
9.614000000000000323e-01
9.491000000000000547e-01
9.576000000000000068e-01
9.573000000000000398e-01
9.544000000000000261e-01
9.637000000000000011e-01
9.676000000000000156e-01
9.689999999999999725e-01
9.557999999999999829e-01
9.616000000000000103e-01
9.606999999999999984e-01
9.695000000000000284e-01
